gamma=1.3999999999999999
Q=20
k=1
Ea=20
Rgas=1
xL=-50
xR=300
yL=0
yR=40
Nx=3500
Ny=400
final_time=30
cfl=0.20000000000000001
react_cfl=0.20000000000000001
save_dt=0.5
use_muscl=1
num_threads=32
openmp_enabled=1
